-4.0 320.0 97.448 4.098
-3.9 310.0 98.632 3.886
-3.8 300.0 99.466 3.655
-3.7 290.0 99.955 3.412
-3.6 280.0 100.117 3.165
-3.5 270.0 99.982 2.922
-3.4 260.0 99.586 2.690
-3.3 250.0 98.967 2.477
-3.2 240.0 98.160 2.287
-3.1 230.0 97.193 2.124
-3.0 220.0 96.088 1.993
-2.9 210.0 94.860 1.896
-2.8 200.0 93.518 1.835
-2.7 190.0 92.070 1.810
-2.6 180.0 90.524 1.823
-2.5 170.0 88.896 1.873
-2.4 160.0 87.208 1.959
-2.3 150.0 85.497 2.080
-2.2 140.0 83.810 2.233
-2.1 130.0 82.206 2.415
-2.0 120.0 80.753 2.622
-1.9 110.0 79.523 2.849
-1.8 100.0 78.586 3.089
-1.7 90.0 78.006 3.335
-1.6 80.0 77.834 3.580
-1.5 70.0 78.099 3.816
-1.4 60.0 78.810 4.035
-1.3 50.0 79.949 4.229
-1.2 40.0 81.474 4.389
-1.1 30.0 83.320 4.511
-1.0 20.0 85.403 4.590
-0.9 10.0 87.626 4.621
-0.8 0.0 89.887 4.604
-0.7 350.0 92.085 4.540
-0.6 340.0 94.127 4.432
-0.5 330.0 95.934 4.282
-0.4 320.0 97.448 4.098
-0.3 310.0 98.632 3.886
-0.2 300.0 99.466 3.655
-0.1 290.0 99.955 3.412
-0.0 280.0 100.117 3.165
0.1 270.0 99.982 2.922
0.2 260.0 99.586 2.690
0.3 250.0 98.967 2.477
0.4 240.0 98.160 2.287
0.5 230.0 97.193 2.124
0.6 220.0 96.088 1.993
0.7 210.0 94.860 1.896
0.8 200.0 93.518 1.835
0.9 190.0 92.070 1.810
1.0 180.0 90.524 1.823
1.1 170.0 88.896 1.873
1.2 160.0 87.208 1.959
1.3 150.0 85.497 2.080
1.4 140.0 83.810 2.233
1.5 130.0 82.206 2.415
1.6 120.0 80.753 2.622
1.7 110.0 79.523 2.849
1.8 100.0 78.586 3.089
1.9 90.0 78.006 3.335
2.0 80.0 77.834 3.580
2.1 70.0 78.099 3.816
2.2 60.0 78.810 4.035
2.3 50.0 79.949 4.229
2.4 40.0 81.474 4.389
2.5 30.0 83.320 4.511
2.6 20.0 85.403 4.590
2.7 10.0 87.626 4.621
2.8 0.0 89.887 4.604
2.9 350.0 92.085 4.540
3.0 340.0 94.127 4.432
3.1 330.0 95.934 4.282
3.2 320.0 97.448 4.098
3.3 310.0 98.632 3.886
3.4 300.0 99.466 3.655
3.5 290.0 99.955 3.412
3.6 280.0 100.117 3.165
3.7 270.0 99.982 2.922
3.8 260.0 99.586 2.690
3.9 250.0 98.967 2.477
4.0 240.0 98.160 2.287
4.1 230.0 97.193 2.124
4.2 220.0 96.088 1.993
4.3 210.0 94.860 1.896
4.4 200.0 93.518 1.835
4.5 190.0 92.070 1.810
4.6 180.0 90.524 1.823
4.7 170.0 88.896 1.873
4.8 160.0 87.208 1.959
4.9 150.0 85.497 2.080
5.0 140.0 83.810 2.233
5.1 130.0 82.206 2.415
5.2 120.0 80.753 2.622
5.3 110.0 79.523 2.849
5.4 100.0 78.586 3.089
5.5 90.0 78.006 3.335
5.6 80.0 77.834 3.580
5.7 70.0 78.099 3.816
5.8 60.0 78.810 4.035
5.9 50.0 79.949 4.229
6.0 40.0 81.474 4.389
6.1 30.0 83.320 4.511
6.2 20.0 85.403 4.590
6.3 10.0 87.626 4.621
6.4 0.0 89.887 4.604
6.5 350.0 92.085 4.540
6.6 340.0 94.127 4.432
6.7 330.0 95.934 4.282
6.8 320.0 97.448 4.098
6.9 310.0 98.632 3.886
7.0 300.0 99.466 3.655
7.1 290.0 99.955 3.412
7.2 280.0 100.117 3.165
7.3 270.0 99.982 2.922
7.4 260.0 99.586 2.690
7.5 250.0 98.967 2.477
7.6 240.0 98.160 2.287
7.7 230.0 97.193 2.124
7.8 220.0 96.088 1.993
7.9 210.0 94.860 1.896
8.0 200.0 93.518 1.835
8.1 190.0 92.070 1.810
8.2 180.0 90.524 1.823
8.3 170.0 88.896 1.873
8.4 160.0 87.208 1.959
8.5 150.0 85.497 2.080
8.6 140.0 83.810 2.233
8.7 130.0 82.206 2.415
8.8 120.0 80.753 2.622
8.9 110.0 79.523 2.849
9.0 100.0 78.586 3.089
9.1 90.0 78.006 3.335
9.2 80.0 77.834 3.580
9.3 70.0 78.099 3.816
9.4 60.0 78.810 4.035
9.5 50.0 79.949 4.229
9.6 40.0 81.474 4.389
9.7 30.0 83.320 4.511
9.8 20.0 85.403 4.590
9.9 10.0 87.626 4.621
10.0 0.0 89.887 4.604
10.1 350.0 92.085 4.540
10.2 340.0 94.127 4.432
10.3 330.0 95.934 4.282
10.4 320.0 97.448 4.098
10.5 310.0 98.632 3.886
10.6 300.0 99.466 3.655
10.7 290.0 99.955 3.412
10.8 280.0 100.117 3.165
10.9 270.0 99.982 2.922
11.0 260.0 99.586 2.690
11.1 250.0 98.967 2.477
11.2 240.0 98.160 2.287
11.3 230.0 97.193 2.124
11.4 220.0 96.088 1.993
11.5 210.0 94.860 1.896
11.6 200.0 93.518 1.835
11.7 190.0 92.070 1.810
11.8 180.0 90.524 1.823
11.9 170.0 88.896 1.873
12.0 160.0 87.208 1.959
12.1 150.0 85.497 2.080
12.2 140.0 83.810 2.233
12.3 130.0 82.206 2.415
12.4 120.0 80.753 2.622
12.5 110.0 79.523 2.849
12.6 100.0 78.586 3.089
12.7 90.0 78.006 3.335
12.8 80.0 77.834 3.580
12.9 70.0 78.099 3.816
13.0 60.0 78.810 4.035
13.1 50.0 79.949 4.229
13.2 40.0 81.474 4.389
13.3 30.0 83.320 4.511
13.4 20.0 85.403 4.590
13.5 10.0 87.626 4.621
13.6 0.0 89.887 4.604
13.7 350.0 92.085 4.540
13.8 340.0 94.127 4.432
13.9 330.0 95.934 4.282
14.0 320.0 97.448 4.098
14.1 310.0 98.632 3.886
14.2 300.0 99.466 3.655
14.3 290.0 99.955 3.412
14.4 280.0 100.117 3.165
14.5 270.0 99.982 2.922
14.6 260.0 99.586 2.690
14.7 250.0 98.967 2.477
14.8 240.0 98.160 2.287
14.9 230.0 97.193 2.124
15.0 220.0 96.088 1.993
15.1 210.0 94.860 1.896
15.2 200.0 93.518 1.835
15.3 190.0 92.070 1.810
15.4 180.0 90.524 1.823
15.5 170.0 88.896 1.873
15.6 160.0 87.208 1.959
15.7 150.0 85.497 2.080
15.8 140.0 83.810 2.233
15.9 130.0 82.206 2.415
16.0 120.0 80.753 2.622
16.1 110.0 79.523 2.849
16.2 100.0 78.586 3.089
16.3 90.0 78.006 3.335
16.4 80.0 77.834 3.580
16.5 70.0 78.099 3.816
16.6 60.0 78.810 4.035
16.7 50.0 79.949 4.229
16.8 40.0 81.474 4.389
16.9 30.0 83.320 4.511
17.0 20.0 85.403 4.590
17.1 10.0 87.626 4.621
17.2 0.0 89.887 4.604
17.3 350.0 92.085 4.540
17.4 340.0 94.127 4.432
17.5 330.0 95.934 4.282
17.6 320.0 97.448 4.098
17.7 310.0 98.632 3.886
17.8 300.0 99.466 3.655
17.9 290.0 99.955 3.412
18.0 280.0 100.117 3.165
18.1 270.0 99.982 2.922
18.2 260.0 99.586 2.690
18.3 250.0 98.967 2.477
18.4 240.0 98.160 2.287
18.5 230.0 97.193 2.124
18.6 220.0 96.088 1.993
18.7 210.0 94.860 1.896
18.8 200.0 93.518 1.835
18.9 190.0 92.070 1.810
19.0 180.0 90.524 1.823
19.1 170.0 88.896 1.873
19.2 160.0 87.208 1.959
19.3 150.0 85.497 2.080
19.4 140.0 83.810 2.233
19.5 130.0 82.206 2.415
19.6 120.0 80.753 2.622
19.7 110.0 79.523 2.849
19.8 100.0 78.586 3.089
19.9 90.0 78.006 3.335
20.0 80.0 77.834 3.580
20.1 70.0 78.099 3.816
20.2 60.0 78.810 4.035
20.3 50.0 79.949 4.229
20.4 40.0 81.474 4.389
20.5 30.0 83.320 4.511
20.6 20.0 85.403 4.590
20.7 10.0 87.626 4.621
20.8 0.0 89.887 4.604
20.9 350.0 92.085 4.540
21.0 340.0 94.127 4.432
21.1 330.0 95.934 4.282
21.2 320.0 97.448 4.098
21.3 310.0 98.632 3.886
21.4 300.0 99.466 3.655
21.5 290.0 99.955 3.412
21.6 280.0 100.117 3.165
21.7 270.0 99.982 2.922
21.8 260.0 99.586 2.690
21.9 250.0 98.967 2.477
22.0 240.0 98.160 2.287
22.1 230.0 97.193 2.124
22.2 220.0 96.088 1.993
22.3 210.0 94.860 1.896
22.4 200.0 93.518 1.835
22.5 190.0 92.070 1.810
22.6 180.0 90.524 1.823
22.7 170.0 88.896 1.873
22.8 160.0 87.208 1.959
22.9 150.0 85.497 2.080
23.0 140.0 83.810 2.233
23.1 130.0 82.206 2.415
23.2 120.0 80.753 2.622
23.3 110.0 79.523 2.849
23.4 100.0 78.586 3.089
23.5 90.0 78.006 3.335
23.6 80.0 77.834 3.580
23.7 70.0 78.099 3.816
23.8 60.0 78.810 4.035
23.9 50.0 79.949 4.229
24.0 40.0 81.474 4.389
24.1 30.0 83.320 4.511
24.2 20.0 85.403 4.590
24.3 10.0 87.626 4.621
24.4 0.0 89.887 4.604
24.5 350.0 92.085 4.540
24.6 340.0 94.127 4.432
24.7 330.0 95.934 4.282
24.8 320.0 97.448 4.098
24.9 310.0 98.632 3.886
25.0 300.0 99.466 3.655
25.1 290.0 99.955 3.412
25.2 280.0 100.117 3.165
25.3 270.0 99.982 2.922
25.4 260.0 99.586 2.690
25.5 250.0 98.967 2.477
25.6 240.0 98.160 2.287
25.7 230.0 97.193 2.124
25.8 220.0 96.088 1.993
25.9 210.0 94.860 1.896
26.0 200.0 93.518 1.835
26.1 190.0 92.070 1.810
26.2 180.0 90.524 1.823
26.3 170.0 88.896 1.873
26.4 160.0 87.208 1.959
26.5 150.0 85.497 2.080
26.6 140.0 83.810 2.233
26.7 130.0 82.206 2.415
26.8 120.0 80.753 2.622
26.9 110.0 79.523 2.849
27.0 100.0 78.586 3.089
27.1 90.0 78.006 3.335
27.2 80.0 77.834 3.580
27.3 70.0 78.099 3.816
27.4 60.0 78.810 4.035
27.5 50.0 79.949 4.229
27.6 40.0 81.474 4.389
27.7 30.0 83.320 4.511
27.8 20.0 85.403 4.590
27.9 10.0 87.626 4.621
28.0 0.0 89.887 4.604
28.1 350.0 92.085 4.540
28.2 340.0 94.127 4.432
28.3 330.0 95.934 4.282
28.4 320.0 97.448 4.098
28.5 310.0 98.632 3.886
28.6 300.0 99.466 3.655
28.7 290.0 99.955 3.412
28.8 280.0 100.117 3.165
28.9 270.0 99.982 2.922
29.0 260.0 99.586 2.690
29.1 250.0 98.967 2.477
29.2 240.0 98.160 2.287
29.3 230.0 97.193 2.124
29.4 220.0 96.088 1.993
29.5 210.0 94.860 1.896
29.6 200.0 93.518 1.835
29.7 190.0 92.070 1.810
29.8 180.0 90.524 1.823
29.9 170.0 88.896 1.873
30.0 160.0 87.208 1.959
30.1 150.0 85.497 2.080
30.2 140.0 83.810 2.233
30.3 130.0 82.206 2.415
30.4 120.0 80.753 2.622
30.5 110.0 79.523 2.849
30.6 100.0 78.586 3.089
30.7 90.0 78.006 3.335
30.8 80.0 77.834 3.580
30.9 70.0 78.099 3.816
31.0 60.0 78.810 4.035
31.1 50.0 79.949 4.229
31.2 40.0 81.474 4.389
31.3 30.0 83.320 4.511
31.4 20.0 85.403 4.590
31.5 10.0 87.626 4.621
31.6 0.0 89.887 4.604
31.7 350.0 92.085 4.540
31.8 340.0 94.127 4.432
31.9 330.0 95.934 4.282
32.0 320.0 97.448 4.098
32.1 310.0 98.632 3.886
32.2 300.0 99.466 3.655
32.3 290.0 99.955 3.412
32.4 280.0 100.117 3.165
32.5 270.0 99.982 2.922
32.6 260.0 99.586 2.690
32.7 250.0 98.967 2.477
32.8 240.0 98.160 2.287
32.9 230.0 97.193 2.124
33.0 220.0 96.088 1.993
33.1 210.0 94.860 1.896
33.2 200.0 93.518 1.835
33.3 190.0 92.070 1.810
33.4 180.0 90.524 1.823
33.5 170.0 88.896 1.873
33.6 160.0 87.208 1.959
33.7 150.0 85.497 2.080
33.8 140.0 83.810 2.233
33.9 130.0 82.206 2.415
34.0 120.0 80.753 2.622
34.1 110.0 79.523 2.849
34.2 100.0 78.586 3.089
34.3 90.0 78.006 3.335
34.4 80.0 77.834 3.580
34.5 70.0 78.099 3.816
34.6 60.0 78.810 4.035
34.7 50.0 79.949 4.229
34.8 40.0 81.474 4.389
34.9 30.0 83.320 4.511
35.0 20.0 85.403 4.590
35.1 10.0 87.626 4.621
35.2 0.0 89.887 4.604
35.3 350.0 92.085 4.540
35.4 340.0 94.127 4.432
35.5 330.0 95.934 4.282
35.6 320.0 97.448 4.098
35.7 310.0 98.632 3.886
35.8 300.0 99.466 3.655
35.9 290.0 99.955 3.412
36.0 280.0 100.117 3.165
