-4.0 319.8 97.760 4.067
-3.9 309.8 98.934 3.855
-3.8 299.8 99.758 3.623
-3.7 289.8 100.236 3.379
-3.6 279.8 100.387 3.132
-3.5 269.8 100.243 2.889
-3.4 259.8 99.839 2.658
-3.3 249.8 99.213 2.445
-3.2 239.8 98.401 2.256
-3.1 229.8 97.431 2.094
-3.0 219.8 96.324 1.964
-2.9 209.8 95.095 1.868
-2.8 199.8 93.753 1.807
-2.7 189.8 92.304 1.784
-2.6 179.8 90.758 1.798
-2.5 169.8 89.129 1.849
-2.4 159.8 87.442 1.936
-2.3 149.8 85.731 2.057
-2.2 139.8 84.044 2.211
-2.1 129.8 82.441 2.394
-2.0 119.8 80.990 2.601
-1.9 109.8 79.764 2.828
-1.8 99.8 78.832 3.068
-1.7 89.8 78.260 3.315
-1.6 79.8 78.096 3.560
-1.5 69.8 78.371 3.796
-1.4 59.8 79.093 4.014
-1.3 49.8 80.243 4.207
-1.2 39.8 81.779 4.367
-1.1 29.8 83.635 4.488
-1.0 19.8 85.725 4.565
-0.9 9.8 87.954 4.596
-0.8 359.8 90.218 4.578
-0.7 349.8 92.415 4.512
-0.6 339.8 94.453 4.402
-0.5 329.8 96.254 4.252
-0.4 319.8 97.760 4.067
-0.3 309.8 98.934 3.855
-0.2 299.8 99.758 3.623
-0.1 289.8 100.236 3.379
-0.0 279.8 100.387 3.132
0.1 269.8 100.243 2.889
0.2 259.8 99.839 2.658
0.3 249.8 99.213 2.445
0.4 239.8 98.401 2.256
0.5 229.8 97.431 2.094
0.6 219.8 96.324 1.964
0.7 209.8 95.095 1.868
0.8 199.8 93.753 1.807
0.9 189.8 92.304 1.784
1.0 179.8 90.758 1.798
1.1 169.8 89.129 1.849
1.2 159.8 87.442 1.936
1.3 149.8 85.731 2.057
1.4 139.8 84.044 2.211
1.5 129.8 82.441 2.394
1.6 119.8 80.990 2.601
1.7 109.8 79.764 2.828
1.8 99.8 78.832 3.068
1.9 89.8 78.260 3.315
2.0 79.8 78.096 3.560
2.1 69.8 78.371 3.796
2.2 59.8 79.093 4.014
2.3 49.8 80.243 4.207
2.4 39.8 81.779 4.367
2.5 29.8 83.635 4.488
2.6 19.8 85.725 4.565
2.7 9.8 87.954 4.596
2.8 359.8 90.218 4.578
2.9 349.8 92.415 4.512
3.0 339.8 94.453 4.402
3.1 329.8 96.254 4.252
3.2 319.8 97.760 4.067
3.3 309.8 98.934 3.855
3.4 299.8 99.758 3.623
3.5 289.8 100.236 3.379
3.6 279.8 100.387 3.132
3.7 269.8 100.243 2.889
3.8 259.8 99.839 2.658
3.9 249.8 99.213 2.445
4.0 239.8 98.401 2.256
4.1 229.8 97.431 2.094
4.2 219.8 96.324 1.964
4.3 209.8 95.095 1.868
4.4 199.8 93.753 1.807
4.5 189.8 92.304 1.784
4.6 179.8 90.758 1.798
4.7 169.8 89.129 1.849
4.8 159.8 87.442 1.936
4.9 149.8 85.731 2.057
5.0 139.8 84.044 2.211
5.1 129.8 82.441 2.394
5.2 119.8 80.990 2.601
5.3 109.8 79.764 2.828
5.4 99.8 78.832 3.068
5.5 89.8 78.260 3.315
5.6 79.8 78.096 3.560
5.7 69.8 78.371 3.796
5.8 59.8 79.093 4.014
5.9 49.8 80.243 4.207
6.0 39.8 81.779 4.367
6.1 29.8 83.635 4.488
6.2 19.8 85.725 4.565
6.3 9.8 87.954 4.596
6.4 359.8 90.218 4.578
6.5 349.8 92.415 4.512
6.6 339.8 94.453 4.402
6.7 329.8 96.254 4.252
6.8 319.8 97.760 4.067
6.9 309.8 98.934 3.855
7.0 299.8 99.758 3.623
7.1 289.8 100.236 3.379
7.2 279.8 100.387 3.132
7.3 269.8 100.243 2.889
7.4 259.8 99.839 2.658
7.5 249.8 99.213 2.445
7.6 239.8 98.401 2.256
7.7 229.8 97.431 2.094
7.8 219.8 96.324 1.964
7.9 209.8 95.095 1.868
8.0 199.8 93.753 1.807
8.1 189.8 92.304 1.784
8.2 179.8 90.758 1.798
8.3 169.8 89.129 1.849
8.4 159.8 87.442 1.936
8.5 149.8 85.731 2.057
8.6 139.8 84.044 2.211
8.7 129.8 82.441 2.394
8.8 119.8 80.990 2.601
8.9 109.8 79.764 2.828
9.0 99.8 78.832 3.068
9.1 89.8 78.260 3.315
9.2 79.8 78.096 3.560
9.3 69.8 78.371 3.796
9.4 59.8 79.093 4.014
9.5 49.8 80.243 4.207
9.6 39.8 81.779 4.367
9.7 29.8 83.635 4.488
9.8 19.8 85.725 4.565
9.9 9.8 87.954 4.596
10.0 359.8 90.218 4.578
10.1 349.8 92.415 4.512
10.2 339.8 94.453 4.402
10.3 329.8 96.254 4.252
10.4 319.8 97.760 4.067
10.5 309.8 98.934 3.855
10.6 299.8 99.758 3.623
10.7 289.8 100.236 3.379
10.8 279.8 100.387 3.132
10.9 269.8 100.243 2.889
11.0 259.8 99.839 2.658
11.1 249.8 99.213 2.445
11.2 239.8 98.401 2.256
11.3 229.8 97.431 2.094
11.4 219.8 96.324 1.964
11.5 209.8 95.095 1.868
11.6 199.8 93.753 1.807
11.7 189.8 92.304 1.784
11.8 179.8 90.758 1.798
11.9 169.8 89.129 1.849
12.0 159.8 87.442 1.936
12.1 149.8 85.731 2.057
12.2 139.8 84.044 2.211
12.3 129.8 82.441 2.394
12.4 119.8 80.990 2.601
12.5 109.8 79.764 2.828
12.6 99.8 78.832 3.068
12.7 89.8 78.260 3.315
12.8 79.8 78.096 3.560
12.9 69.8 78.371 3.796
13.0 59.8 79.093 4.014
13.1 49.8 80.243 4.207
13.2 39.8 81.779 4.367
13.3 29.8 83.635 4.488
13.4 19.8 85.725 4.565
13.5 9.8 87.954 4.596
13.6 359.8 90.218 4.578
13.7 349.8 92.415 4.512
13.8 339.8 94.453 4.402
13.9 329.8 96.254 4.252
14.0 319.8 97.760 4.067
14.1 309.8 98.934 3.855
14.2 299.8 99.758 3.623
14.3 289.8 100.236 3.379
14.4 279.8 100.387 3.132
14.5 269.8 100.243 2.889
14.6 259.8 99.839 2.658
14.7 249.8 99.213 2.445
14.8 239.8 98.401 2.256
14.9 229.8 97.431 2.094
15.0 219.8 96.324 1.964
15.1 209.8 95.095 1.868
15.2 199.8 93.753 1.807
15.3 189.8 92.304 1.784
15.4 179.8 90.758 1.798
15.5 169.8 89.129 1.849
15.6 159.8 87.442 1.936
15.7 149.8 85.731 2.057
15.8 139.8 84.044 2.211
15.9 129.8 82.441 2.394
16.0 119.8 80.990 2.601
16.1 109.8 79.764 2.828
16.2 99.8 78.832 3.068
16.3 89.8 78.260 3.315
16.4 79.8 78.096 3.560
16.5 69.8 78.371 3.796
16.6 59.8 79.093 4.014
16.7 49.8 80.243 4.207
16.8 39.8 81.779 4.367
16.9 29.8 83.635 4.488
17.0 19.8 85.725 4.565
17.1 9.8 87.954 4.596
17.2 359.8 90.218 4.578
17.3 349.8 92.415 4.512
17.4 339.8 94.453 4.402
17.5 329.8 96.254 4.252
17.6 319.8 97.760 4.067
17.7 309.8 98.934 3.855
17.8 299.8 99.758 3.623
17.9 289.8 100.236 3.379
18.0 279.8 100.387 3.132
18.1 269.8 100.243 2.889
18.2 259.8 99.839 2.658
18.3 249.8 99.213 2.445
18.4 239.8 98.401 2.256
18.5 229.8 97.431 2.094
18.6 219.8 96.324 1.964
18.7 209.8 95.095 1.868
18.8 199.8 93.753 1.807
18.9 189.8 92.304 1.784
19.0 179.8 90.758 1.798
19.1 169.8 89.129 1.849
19.2 159.8 87.442 1.936
19.3 149.8 85.731 2.057
19.4 139.8 84.044 2.211
19.5 129.8 82.441 2.394
19.6 119.8 80.990 2.601
19.7 109.8 79.764 2.828
19.8 99.8 78.832 3.068
19.9 89.8 78.260 3.315
20.0 79.8 78.096 3.560
20.1 69.8 78.371 3.796
20.2 59.8 79.093 4.014
20.3 49.8 80.243 4.207
20.4 39.8 81.779 4.367
20.5 29.8 83.635 4.488
20.6 19.8 85.725 4.565
20.7 9.8 87.954 4.596
20.8 359.8 90.218 4.578
20.9 349.8 92.415 4.512
21.0 339.8 94.453 4.402
21.1 329.8 96.254 4.252
21.2 319.8 97.760 4.067
21.3 309.8 98.934 3.855
21.4 299.8 99.758 3.623
21.5 289.8 100.236 3.379
21.6 279.8 100.387 3.132
21.7 269.8 100.243 2.889
21.8 259.8 99.839 2.658
21.9 249.8 99.213 2.445
22.0 239.8 98.401 2.256
22.1 229.8 97.431 2.094
22.2 219.8 96.324 1.964
22.3 209.8 95.095 1.868
22.4 199.8 93.753 1.807
22.5 189.8 92.304 1.784
22.6 179.8 90.758 1.798
22.7 169.8 89.129 1.849
22.8 159.8 87.442 1.936
22.9 149.8 85.731 2.057
23.0 139.8 84.044 2.211
23.1 129.8 82.441 2.394
23.2 119.8 80.990 2.601
23.3 109.8 79.764 2.828
23.4 99.8 78.832 3.068
23.5 89.8 78.260 3.315
23.6 79.8 78.096 3.560
23.7 69.8 78.371 3.796
23.8 59.8 79.093 4.014
23.9 49.8 80.243 4.207
24.0 39.8 81.779 4.367
24.1 29.8 83.635 4.488
24.2 19.8 85.725 4.565
24.3 9.8 87.954 4.596
24.4 359.8 90.218 4.578
24.5 349.8 92.415 4.512
24.6 339.8 94.453 4.402
24.7 329.8 96.254 4.252
24.8 319.8 97.760 4.067
24.9 309.8 98.934 3.855
25.0 299.8 99.758 3.623
25.1 289.8 100.236 3.379
25.2 279.8 100.387 3.132
25.3 269.8 100.243 2.889
25.4 259.8 99.839 2.658
25.5 249.8 99.213 2.445
25.6 239.8 98.401 2.256
25.7 229.8 97.431 2.094
25.8 219.8 96.324 1.964
25.9 209.8 95.095 1.868
26.0 199.8 93.753 1.807
26.1 189.8 92.304 1.784
26.2 179.8 90.758 1.798
26.3 169.8 89.129 1.849
26.4 159.8 87.442 1.936
26.5 149.8 85.731 2.057
26.6 139.8 84.044 2.211
26.7 129.8 82.441 2.394
26.8 119.8 80.990 2.601
26.9 109.8 79.764 2.828
27.0 99.8 78.832 3.068
27.1 89.8 78.260 3.315
27.2 79.8 78.096 3.560
27.3 69.8 78.371 3.796
27.4 59.8 79.093 4.014
27.5 49.8 80.243 4.207
27.6 39.8 81.779 4.367
27.7 29.8 83.635 4.488
27.8 19.8 85.725 4.565
27.9 9.8 87.954 4.596
28.0 359.8 90.218 4.578
28.1 349.8 92.415 4.512
28.2 339.8 94.453 4.402
28.3 329.8 96.254 4.252
28.4 319.8 97.760 4.067
28.5 309.8 98.934 3.855
28.6 299.8 99.758 3.623
28.7 289.8 100.236 3.379
28.8 279.8 100.387 3.132
28.9 269.8 100.243 2.889
29.0 259.8 99.839 2.658
29.1 249.8 99.213 2.445
29.2 239.8 98.401 2.256
29.3 229.8 97.431 2.094
29.4 219.8 96.324 1.964
29.5 209.8 95.095 1.868
29.6 199.8 93.753 1.807
29.7 189.8 92.304 1.784
29.8 179.8 90.758 1.798
29.9 169.8 89.129 1.849
30.0 159.8 87.442 1.936
30.1 149.8 85.731 2.057
30.2 139.8 84.044 2.211
30.3 129.8 82.441 2.394
30.4 119.8 80.990 2.601
30.5 109.8 79.764 2.828
30.6 99.8 78.832 3.068
30.7 89.8 78.260 3.315
30.8 79.8 78.096 3.560
30.9 69.8 78.371 3.796
31.0 59.8 79.093 4.014
31.1 49.8 80.243 4.207
31.2 39.8 81.779 4.367
31.3 29.8 83.635 4.488
31.4 19.8 85.725 4.565
31.5 9.8 87.954 4.596
31.6 359.8 90.218 4.578
31.7 349.8 92.415 4.512
31.8 339.8 94.453 4.402
31.9 329.8 96.254 4.252
32.0 319.8 97.760 4.067
32.1 309.8 98.934 3.855
32.2 299.8 99.758 3.623
32.3 289.8 100.236 3.379
32.4 279.8 100.387 3.132
32.5 269.8 100.243 2.889
32.6 259.8 99.839 2.658
32.7 249.8 99.213 2.445
32.8 239.8 98.401 2.256
32.9 229.8 97.431 2.094
33.0 219.8 96.324 1.964
33.1 209.8 95.095 1.868
33.2 199.8 93.753 1.807
33.3 189.8 92.304 1.784
33.4 179.8 90.758 1.798
33.5 169.8 89.129 1.849
33.6 159.8 87.442 1.936
33.7 149.8 85.731 2.057
33.8 139.8 84.044 2.211
33.9 129.8 82.441 2.394
34.0 119.8 80.990 2.601
34.1 109.8 79.764 2.828
34.2 99.8 78.832 3.068
34.3 89.8 78.260 3.315
34.4 79.8 78.096 3.560
34.5 69.8 78.371 3.796
34.6 59.8 79.093 4.014
34.7 49.8 80.243 4.207
34.8 39.8 81.779 4.367
34.9 29.8 83.635 4.488
35.0 19.8 85.725 4.565
35.1 9.8 87.954 4.596
35.2 359.8 90.218 4.578
35.3 349.8 92.415 4.512
35.4 339.8 94.453 4.402
35.5 329.8 96.254 4.252
35.6 319.8 97.760 4.067
35.7 309.8 98.934 3.855
35.8 299.8 99.758 3.623
35.9 289.8 100.236 3.379
36.0 279.8 100.387 3.132
